6919085334055652610
6919085133626625282
6919084952785014017
6919084714510847234
6919083751267945729
6919083577267244289
6919083378167794946
6919083171925609730
6919082997526433025
6919082832157560066
6919082648182770946
6919082392854465793
6919082108354858241
6919081746143251714
6919081366403484930
6919081211818151170
6919081051520339202
6919080872390053121
6919080578927267074
6919080438820637954
6919080308025445633
6919080157584149762
6919080004898917633
6919079769048911105
6919079535749238017
6919079345743039745
6919079202633321730
6919078975822122242
6919078597344972033
6919078462254763265
